"species","x","y","wc2.0_bio_30s_01","wc2.0_bio_30s_02","wc2.0_bio_30s_03","wc2.0_bio_30s_04","wc2.0_bio_30s_05","wc2.0_bio_30s_06","wc2.0_bio_30s_07","wc2.0_bio_30s_08","wc2.0_bio_30s_09","wc2.0_bio_30s_10","wc2.0_bio_30s_11","wc2.0_bio_30s_12","wc2.0_bio_30s_13","wc2.0_bio_30s_14","wc2.0_bio_30s_15","wc2.0_bio_30s_16","wc2.0_bio_30s_17","wc2.0_bio_30s_18","wc2.0_bio_30s_19"
"species",1,1,26.7833331425985,11.1666663487752,82.1078500120705,64.3263229387506,33.0999984741211,19.5,13.5999984741211,26.8333333333333,26.0500001907349,27.533332824707,25.9333333969116,1733,282,22,63.3475985334938,758,79,404,148
"species",2,2,24.1666666269302,10.2666671276093,61.4770458597402,230.703817581288,31.7000007629395,15,16.7000007629395,26.3333336512248,22.1999998092651,26.3333336512248,20.9666663805644,1536,258,54,52.1484486513809,677,185,677,189
"species",3,3,25.612500111262,10.3916668891907,70.2139690870321,175.189844686574,32.2999992370605,17.5,14.7999992370605,27.0333334604899,23.1666666666667,27.1166667938232,23.1666666666667,2576,401,73,56.1231546610737,1128,250,819,250
"species",4,4,25.4750000635783,10.1500002543132,88.2608717766361,50.3397607858451,31.2000007629395,19.7000007629395,11.5,25.0333334604899,25.7166668574015,26.2166668574015,25,1817,346,32,72.5137902230979,891,125,167,864
"species",5,5,26.9333333174388,9.44999996821086,82.1739127670509,66.6856009876221,33,21.5,11.5,26.3333333333333,27.7166668574015,27.8499997456868,26.3333333333333,1920,321,37,64.358028269761,886,142,204,828
"species",6,6,26.7000001271566,8,81.6326594164058,62.4499780404068,31.8999996185303,22.1000003814697,9.79999923706055,26.1000000635783,27.4833335876465,27.516666730245,26.1000000635783,1846,297,40,59.4792214109298,814,160,205,769
"species",7,7,26.5208334128062,8.90833298365275,87.3365913463474,40.6458444005449,31.7000007629395,21.5,10.2000007629395,26.0499998728434,26.9833335876465,26.9833335876465,25.9666665395101,2481,431,48,71.8823460478789,1228,180,180,1152
"species",8,8,18.1875000397364,10.0750000476837,61.0606063495983,232.663671942381,26.3999996185303,9.89999961853027,16.5,20.8833332061768,15.3166666030884,20.9499999682109,15.3166666030884,1381,237,36,62.5491284657123,644,122,607,122
"species",9,9,23.6124999523163,8.99166663487752,89.9166663487752,34.3196971967724,28.7999992370605,18.7999992370605,10,23.6333335240682,23.8999999364217,24.0666666030884,23.1999998092651,2245,358,18,58.9937277693202,951,112,263,574
"species",10,10,27.0625003178914,7.60833326975505,90.5754001818188,22.3733710243226,31.3999996185303,23,8.39999961853027,27.1000000635783,27.1166667938232,27.3833335240682,26.8833335240682,2337,271,68,38.6057253681941,768,238,535,503
"species",11,11,24.9333333174388,8.31666644414266,87.5438573067648,39.3315302911284,29.8999996185303,20.3999996185303,9.5,24.6666666666667,25.1499999364217,25.4499998092651,24.4666665395101,3561,496,55,51.3635593872491,1331,281,846,955
"species",12,12,27.1875001589457,10.6750001907349,86.7886113619352,54.3609627330257,33.4000015258789,21.1000003814697,12.3000011444092,26.7999998728434,27.0666669209798,27.8166669209798,26.4833335876465,1453,224,8,61.6435336325875,610,73,194,394
"species",13,13,26.3583333492279,7.58333317438761,86.1742480891472,40.0473172110965,30.8999996185303,22.1000003814697,8.79999923706055,26.1166664759318,26.733333269755,26.9166666666667,25.9166669845581,3159,433,6,65.3444241747542,1237,41,188,1158
"species",14,14,26.9458329677582,9.60833311080933,93.2847771189298,24.164050996116,32.2000007629395,21.8999996185303,10.3000011444092,26.6833330790202,27.1499996185303,27.2333326339722,26.6166661580404,6674,727,309,24.0746960274425,2030,1214,1381,1848
"species",15,15,27.3541665077209,8.9916664759318,87.2977230765888,36.6468631319236,32.7000007629395,22.3999996185303,10.3000011444092,27.3166662851969,27.6999998092651,27.8499997456868,26.9499998092651,1712,228,21,55.4540688613845,644,104,234,544
"species",16,16,27.875,8.64999993642171,85.6435766657325,46.7828386069427,33.0999984741211,23,10.0999984741211,27.5,28.1166667938232,28.5166660944621,27.4000002543132,2225,335,9,66.0358994409519,940,59,421,879
"species",17,17,14.6250001192093,7.95000020662944,91.3793247400324,27.5928111027344,18.7999992370605,10.1000003814697,8.69999885559082,14.3833336830139,14.4833334287008,15.0333334604899,14.366666952769,1325,176,66,34.423502521557,429,232,404,319
"species",18,18,25.1375000476837,7.72500022252401,74.278837395374,85.3635491559983,30.2000007629395,19.7999992370605,10.4000015258789,24.7500003178914,26.3166669209798,26.3166669209798,24.0833330154419,2644,522,72,53.6630854338289,1086,319,319,1024
"species",19,19,26.0916666984558,9.23333326975504,81.7109056163535,68.2853078433484,31.7000007629395,20.3999996185303,11.3000011444092,25.6999998092651,25.3999996185303,26.8000001907349,25.1666663487752,1765,251,46,43.9715426981352,673,191,380,331
"species",20,20,28.1000000635783,9.06666628519694,88.888895122055,32.7524988411666,33.2999992370605,23.1000003814697,10.1999988555908,27.6333335240682,28.2333329518636,28.4666665395101,27.6333335240682,2660,464,36,57.5785167963862,1088,160,512,1088
"species",21,21,26.3083333969116,7.68333371480306,89.3410857441147,26.8695129428019,30.7000007629395,22.1000003814697,8.60000038146973,26.0333331425985,26.4166669845581,26.6166671117147,25.9333330790202,6059,710,303,28.3223855522285,2058,1011,1357,1924
"species",22,22,26.4458334445953,9.47499990463257,80.2966015738211,75.4217965575109,32.7000007629395,20.8999996185303,11.8000011444092,26.016666730245,26.6333338419596,27.5333334604899,25.6333335240682,3526,624,54,63.4581937795627,1555,204,663,1092
"species",23,23,25.1833333969116,7.70000012715658,81.9148816727093,56.4210327830376,29.7000007629395,20.2999992370605,9.40000152587891,25.8500000635783,24.6166667938232,25.8833332061768,24.5666666030884,2256,415,53,69.7333257100833,1076,185,967,209
"species",24,24,25.0999999841054,8.63333336512248,77.0833414934939,92.7361717730882,30.3999996185303,19.2000007629395,11.1999988555908,25.9999996821086,24,26.1999994913737,24,1450,380,1,120.134875531756,995,10,955,10
"species",25,25,20.962500055631,8.17499995231628,74.9999956253474,95.6348290947948,26.2000007629395,15.3000001907349,10.9000005722046,21.3833332061768,20.9833335876465,22.016666730245,19.6500004132589,1662,257,24,63.5931957605754,701,100,435,192
"species",26,26,26.1333331267039,6.91666650772095,83.3333390783599,48.7261780198176,30.2999992370605,22,8.29999923706055,25.7333335876465,26.3166662851969,26.7166662216187,25.5333331425985,3087,425,78,37.9035622090817,1072,351,502,797
"species",27,27,25.6166667143504,7.03333330154419,79.9242489922479,48.3045927436014,29.8999996185303,21.1000003814697,8.79999923706055,25.4166666666667,25.1166667938232,26.1166667938232,24.9166666666667,2716,308,109,32.2097988446903,859,356,695,522
"species",28,28,26.5958333015442,6.02499993642171,74.3827292766924,66.1423258888168,30.7999992370605,22.7000007629395,8.09999847412109,26.9499998092651,26.7000001271566,27.533332824707,25.9166666666667,2316,333,11,62.4707779104374,873,61,454,729
"species",29,29,26.6208332379659,5.84166685740153,76.8640337393225,50.3378846749902,30.5,22.8999996185303,7.60000038146973,26.2999998728434,26.6333332061768,27.3333333333333,26.0666666030884,2543,425,37,63.0984963939636,1010,115,495,616
"species",30,30,18.4375,7.97499974568685,87.6373561689765,30.0094609803409,23.1000003814697,14,9.10000038146973,18.2333335876465,18.3833333651225,18.8166666030884,18.1166667938232,2172,336,52,43.6810830672401,798,213,478,441
"species",31,31,26.9249998728434,6.51666673024495,76.6666674146465,63.8713032104666,31.3999996185303,22.8999996185303,8.5,26.3166669209798,27.1833330790202,27.8166662851969,26.266666730245,2479,391,8,65.6835597855902,1017,46,506,833
"species",32,32,23.141666730245,7.63333320617676,80.3508758544922,62.5893132935874,28.2000007629395,18.7000007629395,9.5,23.266666730245,23.1666666666667,24.0166664123535,22.466667175293,2810,405,31,59.9496170471115,1039,118,424,694
"species",33,33,26.887499888738,6.62500015894572,77.9411783405379,63.0701180144557,31.3999996185303,22.8999996185303,8.5,26.3000001907349,27.1999998092651,27.7833331425985,26.266666730245,2169,386,14,67.5070673133273,957,71,287,837
"species",34,34,26.2791667779287,8.82499996821086,80.2272724382805,44.1309070646513,31.6000003814697,20.6000003814697,11,26.266666730245,25.8666671117147,26.75,25.6666669845581,3034,333,177,21.199278753741,948,566,711,585
"species",35,35,27.0833330949148,10.2666662534078,90.0584789206459,32.9830212311995,32.7999992370605,21.3999996185303,11.3999996185303,26.9999993642171,26.8166666030884,27.4833335876465,26.6833330790202,2111,262,100,28.2109333732481,667,321,549,395
"species",36,36,17.429166674614,15.7583334445953,88.5299622232463,56.7473887928994,26.1000003814697,8.30000019073486,17.8000001907349,17.366666952769,16.8000000317891,18.0666667620341,16.8000000317891,1358,243,18,72.6050489248955,671,76,275,76
"species",37,37,16.8291665712992,14.8749996821086,87.4999981300504,61.4025005696389,25.3999996185303,8.39999961853027,17,16.7999998728434,16.0833330154419,17.5666667620341,16.0833330154419,1295,232,17,72.8603163677123,640,72,394,72
"species",38,38,7.04166666697711,13.4166666660458,85.456476618096,62.0422564212622,14.6999998092651,-1,15.6999998092651,7.38333339989185,6.13333339616656,7.58333326379458,6.13333339616656,1502,220,30,54.8827612166942,630,111,518,111
"species",39,39,12.2625000278155,12.241666674614,91.3557240530476,48.3418208338944,18.8999996185303,5.5,13.3999996185303,12.3166666825612,11.6166666348775,12.8666665554047,11.6166666348775,1377,177,66,29.5214056746407,447,219,397,219
"species",40,40,18.400000055631,10.5000000794729,84.6774160882645,19.4235067525469,24.6000003814697,12.1999998092651,12.4000005722046,18.4666666984558,18.25,18.6000000635783,18.1666666666667,1099,198,22,70.1858055852834,550,93,162,98
"species",41,41,8.85416666666667,10.5749999682109,83.9285733996245,55.4509772410826,14.8999996185303,2.29999995231628,12.599999666214,8.55000003178914,9.16666678587596,9.29999995231628,8.04999995231628,1051,131,46,29.1904316524815,359,165,294,303
"species",42,42,17.3666667540868,10.150000333786,92.272722307316,28.7886956994967,22.7000007629395,11.6999998092651,11.0000009536743,17.3500000635783,17.5166668891907,17.6000003814697,16.9166665077209,2162,242,113,24.2022973226596,702,387,411,632
"species",43,43,15.7208334207535,11.2083334128062,95.7977152301507,15.1445006353357,21.6000003814697,9.89999961853027,11.7000007629395,15.766666730245,15.7000002861023,15.8499999046326,15.5833333333333,960,150,14,49.3574570642148,387,83,351,276
"species",44,44,10.966666618983,10.8333331743876,95.8701994193361,14.3548197068174,16.7000007629395,5.40000009536743,11.300000667572,11.0166665712992,10.9333333174388,11.1500001748403,10.8666666348775,1138,152,29,40.8566794924778,416,126,404,308
"species",45,45,7.27499995628993,9.11666659514109,83.6391460018267,45.0504840534249,12.3999996185303,1.5,10.8999996185303,6.68333315849304,7.50000003973643,7.6666667064031,6.59999986489614,1897,228,91,22.7190929367238,579,343,477,532
"species",46,46,9.37916657328606,9.30833329757055,85.3975524415513,44.8461184834313,14.5,3.59999990463257,10.9000000953674,9.18333315849304,9.63333336512248,9.80000003178914,8.73333323001862,2151,303,104,28.7517887485747,726,374,553,627
"species",47,47,13.9541667699814,8.60833350817362,90.6140369281434,25.7133067950289,18.8999996185303,9.39999961853027,9.5,13.6166667938232,14.0000003178914,14.2833334604899,13.6166667938232,2633,360,85,38.9999643028896,993,341,715,993
"species",48,48,22.6458333333333,10.108333269755,91.893938815955,36.272837780302,28.1000003814697,17.1000003814697,11,22.1333335240682,22.9666668574015,22.9666668574015,22.1333335240682,3431,388,201,22.4740489530484,1066,668,668,1066
"species",49,49,19.1416665712992,8.66666666666667,89.347080794667,32.3217859244205,24,14.3000001907349,9.69999980926514,19.3333334922791,19.1166664759318,19.5,18.7333329518636,1918,243,72,35.6582376514552,625,291,413,605
"species",50,50,17.3500000238419,8.38333328564962,88.2456046744626,32.6134411815439,22.2000007629395,12.6999998092651,9.50000095367432,17.5833333333333,17.4833334287008,17.6333333651225,16.9000000953674,2091,274,81,38.5975887599738,731,325,614,660
"species",51,51,22.0916665395101,8.01666641235352,91.098489856589,31.9682661084551,26.3999996185303,17.6000003814697,8.79999923706055,21.8666664759318,22.3166666030884,22.3999999364217,21.6166664759318,2136,284,91,41.2225671755799,788,341,467,650
"species",52,52,16.366666674614,9.45000004768372,90.8653800744985,32.2161244143714,21.6000003814697,11.1999998092651,10.4000005722046,16.1000000635783,16.0666666030884,16.6999999682109,15.9666668574015,2239,291,91,33.4215603251167,759,328,614,646
"species",53,53,11.4000000754992,9.4166667064031,90.5448671952039,26.7139830081079,16.6000003814697,6.19999980926514,10.4000005722046,11.7166668574015,11.3166667620341,11.7333335876465,11.1000000635783,2239,333,64,50.6339330619243,796,240,740,241
"species",54,54,13.233333448569,9.18333367506663,83.4848515915148,57.4588015504628,18.5,7.5,11,13.5999999046326,12.600000222524,13.7166666984558,12.3833336035411,1159,170,18,56.9232636582504,437,77,402,100
"species",55,55,15.2333334684372,9.38333344459534,83.7797571911296,57.4588110437448,20.6000003814697,9.39999961853027,11.2000007629395,15.6833335558573,14.6499999364217,15.6833335558573,14.4000000953674,1106,166,21,57.6614190003589,436,79,363,79
"species",56,56,19.4583331743876,11.766666730245,85.888073539934,80.392047900836,26.1000003814697,12.3999996185303,13.7000007629395,19.9833331108093,18.9499999682109,20.1499999364217,18.3166661262512,1515,199,39,48.0186050592055,577,139,347,246
"species",57,57,7.88333331793547,12.0833332687616,84.4988318636169,71.5838238327953,15.1000003814697,0.800000011920929,14.3000003695488,8.25000007947286,6.93333320816358,8.70000020662943,6.93333320816358,1710,268,12,74.8428044670192,726,57,632,57
"species",58,58,11.2916666169961,11.416666607062,79.2824025304201,64.9066950536184,18.2000007629395,3.79999995231628,14.4000008106232,11.7166663805644,10.4166666269302,11.8000000317891,10.3166665633519,859,116,43,31.276401882153,314,145,194,158
"species",59,59,14.8749998807907,11.3833331267039,74.4008738191994,65.0698907279127,22.2999992370605,7,15.2999992370605,14.8833332061768,15.2666665712992,15.4166665077209,13.9166665077209,614,72,30,22.7525310644343,193,105,137,178
"species",60,60,8.53749992946784,11.8583332200845,86.5571779940089,48.5763254317836,15.1999998092651,1.5,13.6999998092651,8.56666664282481,8.88333328564962,8.94999992847443,7.83333319425583,1254,122,85,12.6170294667977,360,280,288,322
"species",61,61,12.1583334008853,11.0000001192093,87.3015823007444,45.8174916599314,18.2000007629395,5.59999990463257,12.6000008583069,12.449999888738,11.5166666507721,12.4833336671193,11.4833334287008,1105,136,43,33.1897495055807,355,154,348,161
"species",62,62,7.65833327174187,7.41666656732559,92.7083348544936,16.8998780735935,11.6999998092651,3.70000004768372,7.99999976158142,7.88333320617676,7.63333336512248,7.88333320617676,7.51666661103566,1852,255,89,35.272148481425,611,317,611,391
"species",63,63,26.8041666348775,11.0916662216187,82.160502138562,64.2954062426291,33.0999984741211,19.6000003814697,13.4999980926514,26.8833335240682,26.0500001907349,27.5333331425985,25.9500001271566,1735,282,21,63.4558121670412,759,79,405,147
"species",64,64,25.512499888738,11.6916670799255,69.5932595885713,191.027431970614,33.0999984741211,16.2999992370605,16.7999992370605,27.1333332061768,23.8499997456868,27.1333332061768,22.8166662851969,3591,566,113,53.3281070476765,1527,382,1371,396
"species",65,65,26.5916668574015,9,84.9056725996014,32.8794792421232,31.7999992370605,21.2000007629395,10.5999984741211,26.3166669209798,26.7833334604899,26.8833335240682,26.1500002543132,2455,313,153,25.8768678793086,830,479,486,826
"species",66,66,27.0416665871938,8.33333317438761,85.0340186035274,55.466323936266,32.2999992370605,22.5,9.79999923706055,26.516666730245,27.3999999364217,27.799999554952,26.483333269755,2326,311,68,47.9590134354449,908,251,387,886
"species",67,67,26.0541667143504,9.67500034968058,85.6194779018173,56.627098619281,32,20.7000007629395,11.2999992370605,25.5500001907349,26.75,26.8500000635783,25.516666730245,1945,308,47,57.3899075412021,846,185,235,801
"species",68,68,26.6083334287008,7.31666660308838,80.4029263337973,63.4190137856859,31.3999996185303,22.2999992370605,9.10000038146973,26.0333334604899,27.3833335240682,27.3833335240682,26.0333334604899,1795,305,32,66.0837007878167,836,126,126,836
"species",69,69,26.5625,7.05833371480306,79.3071067940747,63.5368697075179,31.2000007629395,22.2999992370605,8.90000152587891,26,27.3333333333333,27.3333333333333,26,1818,322,28,70.5866343033063,879,110,110,879
"species",70,70,26.449999888738,7.38333336512248,76.9097194972415,63.6396003618468,31.3999996185303,21.7999992370605,9.60000038146973,25.9000002543132,27.1833333969116,27.2666664123535,25.9000002543132,2118,379,34,70.6842767130421,1026,134,150,1026
"species",71,71,28.7166665395101,10.4833329518636,82.54592379597,68.2020358541434,35,22.2999992370605,12.7000007629395,28.2166665395101,28.6166664759318,29.4500001271566,27.8166662851969,1289,188,13,57.6225784373391,503,69,174,359
"species",72,72,26.5666667620341,8.3666664759318,90.9420193706441,26.9117660606787,31.2000007629395,22,9.20000076293945,26.7333335876465,26.4166666666667,26.8500003814697,26.1999998092651,6828,696,499,10.2810337922876,1813,1564,1792,1765
"species",73,73,28.7208336194356,7.99166679382324,73.9969069166282,108.950772508577,33.9000015258789,23.1000003814697,10.8000011444092,29.1499999364217,27.4166666666667,29.9666674931844,27.3666667938232,407,98,2,87.5306260365941,212,8,150,31
"species",74,74,27.8666663964589,9.48333279291789,83.9233047186008,55.0344130936809,33.2999992370605,22,11.2999992370605,28.0499998728434,27.3166666030884,28.3166662851969,27.0499998728434,2774,387,72,47.1963725461079,1026,264,855,398
"species",75,75,23.1249998807907,12.9500000476837,88.095239562667,26.2418477499467,30.3999996185303,15.6999998092651,14.6999998092651,23.2499996821086,22.7833336194356,23.3666661580404,22.7833336194356,1176,278,4,103.222780652219,732,24,72,104
"species",76,76,24.5875000953674,7.89166673024495,80.5272021294312,67.8275031571731,29.2000007629395,19.3999996185303,9.80000114440918,25.1666666666667,23.8833335240682,25.466667175293,23.8833335240682,2237,459,26,94.5810764794606,1292,94,1012,94
"species",77,77,26.3291665712992,6.59166685740153,73.240742860017,77.4144263295134,30.7999992370605,21.7999992370605,9,25.3999996185303,26.9166663487752,27.3666664759318,25.3999996185303,4443,714,81,50.5449653517447,1639,384,483,1639
"species",78,78,25.8458333015442,6.02499993642171,73.4756192351639,70.0797611420857,29.7999992370605,21.6000003814697,8.19999885559082,25.9833335876465,25.9666662216187,26.6333332061768,24.8999999364217,3475,712,52,69.1990560505259,1688,229,744,457
"species",79,79,26.2583332856496,7.63333336512248,82.0788601218762,57.5970658710712,30.8999996185303,21.6000003814697,9.29999923706055,25.7833331425985,26.4999996821086,26.9499994913737,25.5333334604899,3307,471,80,41.9857847392001,1117,350,508,842
"species",80,80,26.5416667461395,7.7666662534078,76.1437953412194,79.7961396941248,31.7999992370605,21.6000003814697,10.1999988555908,25.6833333969116,27.1999998092651,27.6000000635783,25.6000000635783,2904,359,144,28.3779775863956,982,480,552,915
"species",81,81,25.9458331267039,6.40833330154419,77.2088420554326,58.8317249914109,30.2999992370605,22,8.29999923706055,25.3333333333333,26,26.783332824707,25.3166666030884,2565,455,24,62.7117236544859,1064,129,322,803
"species",82,82,26.9458332061768,7.2583335240682,82.4810699244184,49.4266350931144,31.3999996185303,22.6000003814697,8.79999923706055,26.8500000635783,26.9333333969116,27.6166664759318,26.3499997456868,2017,290,19,60.2268739930034,784,91,425,333
"species",83,83,26.6666667461395,9.91666682561239,85.4885043060312,40.6947448584856,32.2000007629395,20.6000003814697,11.6000003814697,26.75,26.2999998728434,27.1000003814697,26.1333332061768,2422,252,120,22.6658857300176,723,407,671,411
"species",84,84,27.1500000953674,10.0666669209798,82.513658126644,48.617258638267,33,20.7999992370605,12.2000007629395,26.5166664123535,27.4499998092651,27.6166671117147,26.4500001271566,2743,368,116,39.085770395341,1036,362,419,960
"species",85,85,18.3375000158946,9.97499990463257,83.1250058114533,77.5219984799435,24.2999992370605,12.3000001907349,11.9999990463257,18.8166669209798,17.3333333333333,18.9500002861023,17.2166665395101,844,125,16,54.3511654202626,292,62,272,114
"species",86,86,27.0916667779287,8.31666612625122,84.0067317849643,52.1725094300874,32,22.1000003814697,9.89999961853027,27.233333269755,26.516666730245,27.516666730245,26.3166666030884,1086,151,20,43.9919250647,392,104,278,171
"species",87,87,28.3749997615814,9.63333304723104,85.2507406871024,53.193476398754,33.7999992370605,22.5,11.2999992370605,28.4999993642171,27.8166662851969,28.8166662851969,27.5999997456868,2293,378,54,55.5818704773293,876,211,631,257
"species",88,88,14.7333333293597,14.9999998807907,73.8916243342543,184.210031682393,24.5,4.19999980926514,20.3000001907349,16.5999999046326,12.4000000158946,16.5999999046326,12.2499998410543,679,140,4,91.5266164926201,385,19,385,20
"species",89,89,20.7791665792465,11.4249997933706,76.1666652891371,106.908175298051,27.8999996185303,12.8999996185303,15,21.6166667938232,19.2499996821086,21.6833333969116,19.2499996821086,1269,197,21,60.9902385309621,587,94,507,94
"species",90,90,11.8124999801318,13.3916667699814,82.6646118811075,93.7628930271759,19.3999996185303,3.20000004768372,16.1999995708466,12.233333269755,10.5666664441427,12.7833334604899,10.4666663805644,856,145,16,67.9949619075583,409,62,257,64
"species",91,91,15.1500000357628,14.7166666587194,87.5992102800495,45.5771044477461,23.2999992370605,6.5,16.7999992370605,15.066666841507,14.5666667620341,15.6833333969116,14.5666667620341,864,121,27,49.1973134034935,342,92,213,92
"species",92,92,14.491666773955,12.4833336273829,91.1192184832003,40.3863882077922,21.2000007629395,7.5,13.7000007629395,14.9500001271566,14.0000001589457,14.9500001271566,14.0000001589457,919,170,15,62.2400217512879,426,68,399,68
"species",93,93,13.1375000476837,12.8249999682109,90.3168993648742,45.1827129090894,20.1000003814697,5.90000009536743,14.2000002861023,13.1499999364217,12.533333381017,13.7166667779287,12.533333381017,1264,174,54,35.807103139745,442,181,366,181
"species",94,94,16.5874999761581,10.5583333174388,86.5437103046119,41.7854316233845,22.6000003814697,10.3999996185303,12.2000007629395,16.5500001907349,16.0500000317891,17.0999999046326,16.0500000317891,1149,149,57,29.5191173004395,378,179,319,179
"species",95,95,19.904166618983,11.4083333015442,85.1368181068312,60.3195228147618,26.3999996185303,13,13.3999996185303,20.5666664441427,19.3333334922791,20.5666664441427,19.2333334287008,650,200,3,115.060208508666,440,13,440,18
"species",96,96,20.9041666984558,12.0249999364217,90.4135320599367,15.4417227692599,27.6000003814697,14.3000001907349,13.3000001907349,20.9166665077209,20.8166667620341,21.0333334604899,20.7833333015442,903,244,1,110.874332854189,597,13,47,563
"species",97,97,20.8166666428248,12.9333333174388,91.0798133180262,18.2574067119658,28,13.8000001907349,14.1999998092651,20.8500000635783,20.7166666984558,20.9666665395101,20.6500002543132,935,251,1,111.16056797564,620,15,45,392
"species",98,98,17.1083334684372,10.300000111262,96.2616849987532,13.2858861763722,22.5,11.8000001907349,10.6999998092651,17.1666668256124,17.1000000635783,17.25,16.9500002861023,787,115,13,48.0236165614788,317,70,295,216
"species",99,99,17.9916666348775,9.06666660308838,92.5170043533285,19.9810497498246,23,13.1999998092651,9.80000019073486,18.1666666666667,18,18.2666665712992,17.7666665712992,1233,183,23,55.2595370707314,523,98,476,295
"species",100,100,14.6874999602636,8.89166680971781,89.8148197205471,23.9435882377846,19.7999992370605,9.89999961853027,9.89999961853027,14.6000000635783,14.4499999682109,15.0333334604899,14.4499999682109,1908,219,108,22.9732428351688,608,384,515,384
"species",101,101,18.2458332379659,9.57500012715658,92.067312291976,24.7219353281498,23.2999992370605,12.8999996185303,10.3999996185303,17.8999999364217,18.2999998728434,18.5166665712992,17.8999999364217,2504,365,94,38.2593622819894,913,337,719,913
"species",102,102,13.7708334128062,8.80833355585734,88.0833355585734,31.4395716384874,18.5,8.5,10,13.6666669845581,13.6666666666667,14.2000001271566,13.4500001271566,1760,286,62,46.7204675656527,623,256,542,481
"species",103,103,12.1041666865349,10.5583333571752,87.2589506141216,51.0106203440161,18.1000003814697,6,12.1000003814697,12.4333333174388,11.3833334445953,12.533333381017,11.3833334445953,927,141,3,59.9045599753844,391,47,289,47
"species",104,104,14.9916665156682,11.1166663964589,83.5839566694376,82.2643528316071,21.5,8.19999980926514,13.3000001907349,15.4333330790202,13.8166666030884,15.649999777476,13.8166666030884,982,133,17,59.4059991524088,382,62,377,62
"species",105,105,12.4125001033147,13.7249999841054,92.1140903155998,41.1275818133803,19.7000007629395,4.80000019073486,14.9000005722046,12.4666669368744,11.8333332538605,12.9166666666667,11.8333332538605,1230,177,42,43.7739421278885,448,137,382,137
"species",106,106,7.70000001291434,10.8666667044163,82.3232326835604,66.0578237953571,14,0.800000011920929,13.1999999880791,8.13333332538605,6.76666667064031,8.19999996821086,6.73333336909612,1197,139,69,19.3490537202456,378,239,280,254
"species",107,107,15.162499944369,11.6083331902822,95.1502661011743,15.972308533529,21.2000007629395,9,12.2000007629395,15.2166666984558,15.1499999364217,15.3166669209798,14.9999996821086,1188,175,18,46.8071478612946,463,107,429,339
"species",108,108,24.4583334128062,10.5999999046326,63.4730540460947,229.404683454365,32,15.3000001907349,16.6999998092651,26.6499999364217,22.4166668256124,26.6499999364217,21.2500003178914,1748,291,60,52.3935004371162,773,212,773,216
"species",109,109,26.6125000317891,8.07500012715658,80.7500012715658,42.8063645551523,31.5,21.5,10,26.6999998092651,26.0333334604899,27.0499998728434,26.0333334604899,3082,340,155,25.3681628772346,970,505,738,505
"species",110,110,27.2416666348775,7.98333326975505,86.7753544316482,34.8264251945582,32,22.7999992370605,9.20000076293945,27.0333334604899,27.4000002543132,27.7000001271566,26.8666661580404,2751,415,20,62.448281914301,1106,84,238,796
"species",111,111,26.033333381017,7.85000022252401,87.2222246947112,34.3996159293646,30.7000007629395,21.7000007629395,9,25.983333269755,26.1833333969116,26.516666730245,25.7000001271566,2088,306,10,65.4973267734741,838,67,474,536
"species",112,112,26.4375001589457,8.42499987284342,91.5760779801456,23.9436065686656,31.1000003814697,21.8999996185303,9.20000076293945,26.6499999364217,26.5333337783813,26.766666730245,26.1999998092651,2586,386,60,49.8508840607917,957,227,724,570
"species",113,113,27.0041665236155,8.59166638056437,80.295956069894,70.9499827646053,32.0999984741211,21.3999996185303,10.6999988555908,26.25,27.6833330790202,27.9333330790202,26.1333332061768,2910,458,50,55.5403953065823,1249,252,264,1241
"species",114,114,27.5541667938232,9.125,85.2803677510507,50.0208396253618,33,22.2999992370605,10.7000007629395,27.1500002543132,27.9000002543132,28.1333338419596,26.9166666666667,1430,223,21,61.8848725411986,569,83,155,416
"species",115,115,22.3208333651225,7.84166717529297,82.5438650030839,61.1799978126931,27.2000007629395,17.7000007629395,9.5,23.1166667938232,21.8166666030884,23.1666666666667,21.75,2671,484,52,79.1258126103494,1405,191,1209,216
"species",116,116,24.358333269755,7.48333326975505,73.3660206800247,88.6728687650969,29.3999996185303,19.2000007629395,10.1999988555908,24.6499999364217,24.7666664123535,25.4166663487752,23.1833330790202,2650,420,68,55.2729515466774,1157,237,371,476
"species",117,117,26.5958333015442,5.72500038146973,75.3289486067446,55.6146709397317,30.6000003814697,23,7.60000038146973,26.9166666666667,26.6166664759318,27.3833332061768,26.016666730245,2675,403,21,60.0328950523888,966,123,535,602
"species",118,118,26.0374999841054,6.70833253860474,73.71795234562,76.0419938811659,30.7999992370605,21.7000007629395,9.09999847412109,25.3500000635783,26.1666666666667,27.0999997456868,25.2166665395101,2456,349,16,63.0184929311869,942,94,417,828
"species",119,119,26.9333332379659,7.23333358764648,82.1969797131781,48.2104030450791,31.3999996185303,22.6000003814697,8.79999923706055,27.0333331425985,26.9333333969116,27.5833333333333,26.3499997456868,2238,308,47,50.0577121476256,845,172,459,432
"species",120,120,26.2958335081736,8.85833342870077,80.5303038972797,43.4039221268845,31.6000003814697,20.6000003814697,11,26.266666730245,25.9166673024495,26.766666730245,25.700000445048,3000,325,171,21.7374734558428,932,552,714,563
"species",121,121,26.6208329995473,9.84166606267293,85.5797190867525,39.1069697785342,32.0999984741211,20.6000003814697,11.4999980926514,26.5833330154419,26.0999997456868,27.0333325068156,26.0999997456868,2419,254,123,22.2847238106788,718,411,674,411
"species",122,122,20.6833331982295,9.71666630109151,80.9722191757626,80.8571506842687,26.5,14.5,12,20.9999998410543,19.6499999364217,21.3833332061768,19.5166665712992,1171,180,16,57.6537830456143,497,66,350,131
"species",123,123,16.9916668534279,13.8500002622604,80.0578018948957,97.766728992702,25.2000007629395,7.90000009536743,17.300000667572,17.7500003178914,15.6500001748403,17.8333336512248,15.6500001748403,1121,204,22,64.3081537192805,540,87,451,87
"species",124,124,11.6000000834465,16.3000001509984,79.12621285998,94.7724628361667,21.6000003814697,1,20.6000003814697,12.2000001271566,10.2000000079473,12.4333334366481,10.2000000079473,460,86,4,73.119259112217,232,20,165,20
"species",125,125,12.5249999364217,16.0666666030884,79.5379561092154,79.3868554777238,22.2999992370605,2.09999990463257,20.199999332428,12.9333332777023,11.3499999841054,13.2499998410543,11.3499999841054,678,109,12,61.1759651425194,313,48,197,48
"species",126,126,20.8999999364217,11.6833333969116,87.1890576829215,41.3960846712739,27.3999996185303,14,13.3999996185303,21.1666665077209,20.3833332061768,21.233333269755,20.3166667620341,1120,117,60,20.211385135745,343,199,300,219
"species",127,127,12.3541665673256,10.974999944369,91.4583401381975,25.2674960936101,18.2999992370605,6.30000019073486,11.9999990463257,12.4999996821086,12.0666666825612,12.5499997138977,12.0000000794729,1029,193,40,54.5267776204192,467,145,397,167
"species",128,128,21.5458333492279,8.15833298365275,86.7907799439713,37.6864051830507,26.5,17.1000003814697,9.39999961853027,21.983333269755,21.2833334604899,22.0833333333333,21.1666666666667,1792,276,42,60.0268866657032,805,180,732,242
"species",129,129,13.2916666467985,8.95000016689301,88.6138638752651,32.5320308406147,18,7.90000009536743,10.0999999046326,13.483333269755,13.5333333015442,13.7166666984558,12.9333334763845,1303,163,37,37.7146447053171,436,177,302,332
"species",130,130,9.08749999602636,12.2916667064031,90.379902886736,42.8063789224289,15.6999998092651,2.09999990463257,13.5999999046326,9.39999997615814,8.71666677792867,9.39999997615814,8.48333334922791,940,135,10,57.4987233766027,348,53,237,63
"species",131,131,16.7250000238419,8.449999888738,82.0388247560986,61.4780053197913,21.7000007629395,11.3999996185303,10.3000011444092,16.9333330790202,16.0500000317891,17.3000001907349,15.8666667938232,1035,151,23,52.1598733752656,396,82,316,84
"species",132,132,14.0249999761581,12.4666667779287,86.5740714065824,70.5336848457303,21.1000003814697,6.69999980926514,14.4000005722046,14.5,13.0833331743876,14.5999999046326,13.0166665712992,1488,222,22,61.876592725139,588,95,422,98
"species",133,133,15.0375000238419,10.1083333492279,82.1815642986548,72.3980551462573,21.2000007629395,8.89999961853027,12.3000011444092,15.3499999046326,14.1166666348775,15.8833333651225,14.1166666348775,1758,298,16,68.965274093871,727,75,496,75
"species",134,134,10.6125000317891,10.7583333651225,84.7112812506039,35.4916835060104,16.7000007629395,4,12.7000007629395,10.8333333333333,10.1166665554047,10.8666667143504,10.0999999046326,721,97,34,34.6612930605092,274,110,246,119
"species",135,135,23.6583333015442,8.98333295186361,61.5296761448392,194.455341891363,31.2000007629395,16.6000003814697,14.6000003814697,25.1000000635783,21.766666730245,26,21.2166665395101,1212,186,39,51.7898172765135,529,143,360,150
"species",136,136,26.5583333174388,9.29999971389771,84.5454372847406,54.3487483066498,32.4000015258789,21.3999996185303,11.0000019073486,25.9000002543132,27.1999998092651,27.1999998092651,25.9000002543132,2765,458,36,67.86199927812,1305,134,209,1233
"species",137,137,26.4749999046326,9.29999987284342,87.7358604866643,42.2384808182787,31.7999992370605,21.2000007629395,10.5999984741211,25.9833335876465,26.9499998092651,26.9499998092651,25.8833335240682,2510,437,51,72.1357251243409,1246,186,186,1172
"species",138,138,26.983333269755,9.93333307902018,86.3768093827842,53.5695546867167,32.7999992370605,21.2999992370605,11.5,26.6499996185303,27.2166665395101,27.5499998728434,26.2833334604899,1460,243,12,63.2251921520775,588,69,159,417
"species",139,139,26.4000000158946,8.05000003178914,89.4444447976572,24.7716882152611,31.1000003814697,22.1000003814697,9,26.25,26.5333337783813,26.7166665395101,26.0833330154419,7161,743,479,15.2183440557256,2151,1479,1707,1739
"species",140,140,25.6749999523163,8.09999958674113,92.0454578294573,23.4035752272249,30.2999992370605,21.5,8.79999923706055,25.8166666030884,25.516666730245,26.016666730245,25.4499998092651,5501,707,362,21.0088103094978,1752,1154,1445,1230
"species",141,141,25.1583330631256,8.59999990463257,78.1818173148415,76.9247935198101,30.8999996185303,19.8999996185303,11,24.3333330154419,25.8999996185303,26.2333329518636,24.3333330154419,3524,453,97,43.655619472897,1204,346,444,1204
"species",142,142,26.4083333015442,7.56666660308838,81.3619964728411,52.0416630364505,31.2000007629395,21.8999996185303,9.30000114440918,26.4333333969116,26.5666662851969,27.1333335240682,25.8333333333333,2167,315,22,60.8636071297332,914,111,443,533
"species",143,143,23.6458334128062,7.40833330154419,84.1856129980619,42.664555043794,28.2999992370605,19.5,8.79999923706055,23.1500002543132,23.8500000635783,24.233333269755,23.1500002543132,2253,465,27,75.05830877339,1197,128,334,1197
"species",144,144,26.3500001430511,6.08333349227905,74.1869869058202,67.8568299678274,30.7000007629395,22.5,8.20000076293945,25.9666665395101,26.483333269755,27.3166672388713,25.6499999364217,2404,427,12,69.0058887318116,1014,81,420,744
"species",145,145,26.1208332379659,9.22499942779541,80.2173863286557,55.0808704248728,31.5,20,11.5,26.1833333969116,26.6166664759318,26.6166664759318,25.3333330154419,3424,347,227,12.9081223919883,1010,741,741,878
"species",146,146,26.1958335240682,9.39166704813639,82.3830332550094,43.6129079921362,31.7000007629395,20.2999992370605,11.4000015258789,26.2000001271566,25.75,26.6666673024495,25.5833330154419,3007,324,173,21.0808626420006,921,547,761,572
"species",147,147,27.0208332538605,10.4583331743876,89.3874572001319,34.4738672912017,32.7000007629395,21,11.7000007629395,26.9833326339722,26.5833336512248,27.4000005722046,26.5833333333333,1951,250,76,33.2623497118406,636,269,574,309
"species",148,148,26.2916662693024,10.8666663169861,89.0710437403548,44.9157184066193,32.0999984741211,19.8999996185303,12.1999988555908,26.4499994913737,25.6333332061768,26.6666660308838,25.6333332061768,1823,226,76,30.5936455771304,611,274,517,274
"species",149,149,26.9750000635783,10.1666666666667,81.9892372226628,54.1252930205176,32.9000015258789,20.5,12.4000015258789,26.2499996821086,27.3666671117147,27.516666730245,26.2166665395101,3166,419,120,41.3494104666132,1227,399,427,1140
"species",150,150,27.2624996503194,10.3416662216187,83.4005237824811,62.0529746136089,33.2000007629395,20.7999992370605,12.4000015258789,26.4833326339722,27.4333330790202,28.0833333333333,26.4833326339722,2570,434,22,68.5444802740856,1194,110,307,1194
"species",151,151,16.287499944369,15.1249999205271,81.3172001213764,92.0258097712135,25.2000007629395,6.59999990463257,18.6000008583069,16.9333332379659,15.0166665712992,17.0666664441427,15.0166665712992,1074,202,18,66.6464992115739,526,75,437,75
"species",152,152,13.4833332896233,14.3333332935969,80.0744872471057,102.232648187077,22,4.09999990463257,17.9000000953674,14.2999998728434,12.1000001430511,14.4166665077209,12.1000001430511,849,181,13,75.2029360907742,445,53,364,53
"species",153,153,14.2124999364217,12.141666730245,78.3333361533381,126.115484656009,21.3999996185303,5.90000009536743,15.4999995231628,15.0666662851969,12.4999999205271,15.2666668891907,12.3499997456868,1001,151,26,51.7674311324079,422,108,287,110
"species",154,154,15.7000000079473,14.4166665871938,87.9065005133462,45.7264613140469,23.7000007629395,7.30000019073486,16.4000005722046,15.5666664441427,15.1333333651225,16.25,15.1333333651225,835,118,26,50.5487877939182,334,87,206,87
"species",155,155,16.9124999841054,10.8250002861023,83.9147333814853,43.9071685290236,23.2999992370605,10.3999996185303,12.8999996185303,16.983333269755,16.3000001907349,17.383333047231,16.3000001907349,935,117,48,29.5868637267162,301,152,246,152
"species",156,156,13.2666665911674,12.549999833107,96.538467336689,13.8717089391739,19.7999992370605,6.80000019073486,12.9999990463257,13.2333331902822,13.2499997615814,13.3833331267039,13.183333158493,1225,154,29,40.5658292599404,437,123,256,381
"species",157,157,12.4916667143504,8.44999996821086,90.8602221657993,23.6290759298169,17.3999996185303,8.10000038146973,9.29999923706055,12.2166668574015,12.4999998410543,12.8000001907349,12.2166668574015,2582,379,101,41.6844323085777,974,376,726,974
"species",158,158,15.2958333492279,11.0749999682109,83.9015221847544,79.3856696128296,21.7999992370605,8.60000038146973,13.1999988555908,15.7500001589457,14.1999999682109,15.9500001271566,14.1833332379659,1007,167,22,54.9115009191303,400,89,311,115
"species",159,159,6.90833334376415,11.03333337605,89.7019003221316,31.0302838377662,12.8999996185303,0.600000023841858,12.2999995946884,7.13333336512248,6.46666672825813,7.19999998807907,6.46666672825813,980,110,51,23.8297426775834,307,170,299,170
"species",160,160,26.9999998410543,9.04999987284342,85.3773695811198,52.3536725312202,32.5999984741211,22,10.5999984741211,26.5333331425985,27.233333269755,27.7499993642171,26.4666665395101,2274,305,83,46.0668837633836,870,262,364,857
"species",161,161,26.233333269755,8.75,80.2752321672083,61.2124996004922,31.8999996185303,21,10.8999996185303,25.6833333969116,26.9666668574015,27,25.6833333969116,1876,306,37,62.424969980553,847,145,186,847
"species",162,162,26.5666666030884,9.48333326975504,87.8086475896469,41.9053559888313,32,21.2000007629395,10.7999992370605,26.0833339691162,27.0499998728434,27.0499998728434,25.9833335876465,2418,431,42,75.2889525511234,1227,160,160,1154
"species",163,163,25.8333330154419,7.68333339691162,77.6094312421021,69.9133616325071,30.7999992370605,20.8999996185303,9.89999961853027,25.9333330790202,26.3999993006388,26.8166662851969,25.0333331425985,3781,510,121,43.6596764641872,1327,381,531,1121
"species",164,164,22.0999999046326,8.96666653951009,80.780776859062,67.6219497477377,27.8999996185303,16.7999992370605,11.1000003814697,22.3333333333333,22.5833333333333,22.983333269755,21.2833331425985,3170,399,133,31.5222365935659,1053,432,551,821
"species",165,165,20.9541666507721,9.40833330154419,83.2595923607475,45.3500815771704,26.2999992370605,15,11.2999992370605,20.8666667938232,21.1833337148031,21.3166662851969,20.2499996821086,4437,462,297,14.754607936376,1330,934,1061,1155
"species",166,166,25.5041666825612,7.02500041325887,73.1770847303171,81.5045544010834,30.1000003814697,20.5,9.60000038146973,25.6833333969116,25.75,26.4166666666667,24.4166666666667,2633,450,41,59.0437205813817,1177,179,288,404
"species",167,167,27.0291667779287,10.258333047231,89.9853956739763,28.8773355422121,32.5999984741211,21.2000007629395,11.3999977111816,27.0833333333333,26.75,27.2999998728434,26.6000003814697,2248,225,140,15.6472771905447,637,454,618,486
"species",168,168,26.2249999046326,9.83333333333333,83.3333387213242,43.6150390907009,31.8999996185303,20.1000003814697,11.7999992370605,26.3000001907349,25.766666730245,26.6333328882853,25.5833333333333,2883,305,166,18.9408859361379,857,544,750,550
"species",169,169,10.8374999761581,10.7416667143504,88.0464498548005,44.9304944359777,16.8999996185303,4.69999980926514,12.1999998092651,11.2166665395101,10.1999999682109,11.2166665395101,10.1999999682109,967,149,9,59.9656038064504,368,49,368,49
"species",170,170,16.700000166893,7.16666690508525,78.7545780731909,61.3114314682225,21.1000003814697,12,9.10000038146973,17.0833333333333,16,17.2333335876465,15.8333334922791,1083,167,28,47.6500432430174,388,116,253,126
"species",171,171,5.97083334997296,10.1583333636324,91.5165200328811,24.7219360244976,11.3999996185303,0.300000011920929,11.0999996066093,6.13333336512248,5.63333334028721,6.19999998807907,5.63333334028721,903,106,33,35.191133409021,304,123,276,123
"species",172,172,27.2916666666667,8.33333365122477,79.3650679757736,69.6038686443237,32.9000015258789,22.3999996185303,10.5000019073486,26.6666666666667,28.1166667938232,28.3166669209798,26.6499999364217,2345,354,61,52.6426884147722,987,222,253,940
"species",173,173,22.1875000794729,9.17500034968058,81.1946851370013,67.086277431697,28.1000003814697,16.7999992370605,11.3000011444092,22.3833335240682,22.6833337148031,23.0833333333333,21.3833332061768,2894,328,98,30.6095897697056,892,389,487,789
"species",174,174,24.6416668097178,8.23333342870077,80.718949145726,46.5067769802365,29.6000003814697,19.3999996185303,10.2000007629395,24.266666730245,25.0166670481364,25.1000003814697,23.983333269755,3730,393,239,18.3118694219806,1155,730,880,991
"species",175,175,21.1208336353302,8.40833298365275,91.39491615614,27.4241457162658,25.7000007629395,16.5,9.20000076293945,20.7333335876465,21.1333335240682,21.4000005722046,20.7333335876465,2113,263,96,33.7859233862654,692,370,584,692
"species",176,176,17.6041666269302,9.00833328564962,84.984273221324,46.4884300085609,23.1000003814697,12.5,10.6000003814697,17.75,17.25,18.2166665395101,17.0666666030884,2578,269,79,25.5952074479547,756,440,711,684
"species",177,177,19.125,7.14999993642171,81.2500063217053,51.7643095829766,23.3999996185303,14.6000003814697,8.79999923706055,19.483333269755,18.6666668256124,19.5333331425985,18.3833335240682,1211,175,22,49.8550703130435,474,99,424,111
"species",178,178,11.900000055631,10.7666668097178,91.2429375905569,23.5487764792984,17.6000003814697,5.80000019073486,11.8000001907349,12.1000000635783,11.6166668732961,12.1833332379659,11.6166668732961,693,110,20,51.16752849074,307,77,258,77
"species",179,179,24.433333158493,9.61666663487752,58.6382125522229,236.37732148512,31.8999996185303,15.5,16.3999996185303,26.6499996185303,22.5333331425985,26.6499996185303,21.1666666666667,1297,199,49,46.0832998243561,530,157,530,204
"species",180,180,26.7375000317891,6.95833333333333,78.1835239503349,63.2500334700993,31.5,22.6000003814697,8.89999961853027,26.1166667938232,27.0500001907349,27.6333332061768,26.1166667938232,2085,417,25,73.7792527389322,1020,125,183,1020
"species",181,181,20.2249999046326,14.549999554952,90.9374972184499,46.0977288690495,28,12,16,20.1166666348775,19.6833330790202,20.7999998728434,19.6833330790202,541,93,7,69.4545746247535,261,29,127,29
"species",182,182,10.6000000039736,9.49999996026357,87.9629649252558,31.4787098412892,15.6999998092651,4.90000009536743,10.7999997138977,10.6499998569489,10.8500001430511,10.8833333651225,10.1500000158946,1354,177,72,25.1218073759151,440,253,347,318
"species",183,183,14.1958332459132,7.67499979337056,85.2777754818952,50.2022501870972,18.5,9.5,9,14.5166664123535,13.7166665395101,14.6333333651225,13.4333330790202,1664,234,20,56.2068743693485,604,101,556,101
"species",184,184,8.60833336909612,10.900000055631,88.6178886924294,42.5245075062023,14.6999998092651,2.40000009536743,12.2999997138977,8.88333340485891,8.1833332379659,8.95000004768372,7.98333326975505,997,143,19,57.1232836129373,392,67,296,71
"species",185,185,26.4375001589457,9.40833346048991,84.7597579924062,54.6112353935491,32.2000007629395,21.1000003814697,11.1000003814697,26.1166667938232,27.1666669845581,27.1666669845581,25.8166666030884,2280,354,51,57.4807465425596,992,194,194,813
"species",186,186,21.925000111262,10.850000222524,90.4166685210334,43.8748248022148,27.8999996185303,15.8999996185303,12,21.4166666666667,21.75,22.3000001907349,21.2833334604899,2920,484,99,49.8839848197753,1086,405,479,1016
"species",187,187,25.8833333651225,9.05000019073486,76.0504242087749,73.9881245506297,31.3999996185303,19.5,11.8999996185303,25.0833333333333,26.5666666030884,26.6166667938232,24.8333333333333,2854,347,122,33.1315401688802,1004,398,509,917
"species",188,188,25.4750000635783,8.6333335240682,76.4011738913819,70.5981031960371,30.7000007629395,19.3999996185303,11.3000011444092,25.0833333333333,26.1666666666667,26.1666666666667,24.4666665395101,2943,345,103,32.5053595450498,1015,399,399,891
"species",189,189,26.3124999205271,7.95833349227905,88.4259276919895,24.3202933818595,31,22,9,26.0999997456868,26.5999997456868,26.6333328882853,26.0333334604899,5145,677,251,30.2690357059271,1607,883,1226,1549
"species",190,190,26.1833333174388,7.85000022252401,83.5106440541684,46.8233198627859,31,21.6000003814697,9.39999961853027,26.299999554952,26.3500003814697,26.8166666030884,25.7000001271566,2434,334,18,58.0013853722144,954,99,543,652
"species",191,191,17.0750000079473,13.7166667779287,87.9273543657245,55.2473711653991,24.8999996185303,9.30000019073486,15.5999994277954,16.9666665395101,16.4666666984558,17.733333269755,16.4166668256124,898,139,28,54.7468152063273,402,96,193,102
"species",192,192,16.341666618983,10.7666665712992,82.1882920440899,43.3711977791257,22.7000007629395,9.60000038146973,13.1000003814697,15.9999998410543,16.6166666348775,16.7000001271566,15.6833332379659,1067,140,54,29.8209832339239,358,172,194,357
"species",193,193,13.145833392938,11.1583333412806,94.5621454315054,19.7090567699903,19,7.19999980926514,11.8000001907349,13.1666665077209,13.2166669368744,13.3000001907349,12.9333333969116,1002,154,17,50.0194919529509,405,85,105,249
"species",194,194,17.7041665712992,8.07499980926514,88.7362672199795,26.5824741055596,22.3999996185303,13.3000001907349,9.09999942779541,17.9499996503194,17.6333332061768,18.0833330154419,17.4166668256124,2360,351,59,54.9924307114618,1023,270,930,417
"species",195,195,10.095833281676,7.84166673819224,93.3531796941233,16.5774118614794,14.3999996185303,6,8.39999961853027,9.96666669845581,10.1166666348775,10.2833333015442,9.93333331743876,1439,234,50,42.6191663969751,511,218,421,509
"species",196,196,13.3166666825612,9.58333317438761,88.7345648624061,38.0390490027334,18.5,7.69999980926514,10.8000001907349,13.5500000317891,13.2333335876465,13.8499999046326,12.9333333969116,1077,148,33,43.0794295094823,380,119,347,267
"species",197,197,26.6666667461395,8.54999971389771,90.9574474560939,29.720924264133,31.3999996185303,22,9.39999961853027,26.4333330790202,26.75,27.0333334604899,26.3500000635783,2803,358,101,40.90685040304,1013,336,686,557
"species",198,198,25.7374999523163,7.29166682561239,81.0185202845821,50.0056780712225,30.1000003814697,21.1000003814697,9,25.8999999364217,25.6833333969116,26.25,25.016666730245,3115,449,137,34.646439445553,995,498,765,639
"species",199,199,10.4708332916101,10.6416665911674,80.0125353504861,51.630602866909,16.7999992370605,3.5,13.2999992370605,10.8499999046326,9.73333338896433,10.8666666348775,9.73333330949148,915,141,24,52.568647476238,397,90,335,96
"species",200,200,15.8166668017705,11.5833335717519,79.8850591155304,48.6328360316301,22.8999996185303,8.39999961853027,14.5,15.850000222524,16.0666669209798,16.2000001271566,15.0833331743876,746,94,35,27.0087046097829,242,121,147,236
"species",201,201,18.9333334366481,7.96666677792867,91.5708744746936,23.0940247204194,23.2000007629395,14.5,8.70000076293945,18.6833333969116,18.9333333969116,19.2166670163472,18.6833333969116,1798,306,73,44.8427736534533,637,271,473,637
"species",202,202,26.9249998728434,8.14999961853027,84.0206245368043,51.7643091642748,32.0999984741211,22.3999996185303,9.69999885559082,26.4500001271566,27.233333269755,27.6333328882853,26.4166666666667,2206,300,54,51.5374252055993,882,211,367,866
